222
1.0 0.2865047968601895 0.44932896411722095 0.44932896411722095 0.017422374639493452 0.6376281516217719 2.653424128642781e-10 0.6376281516217736 1.478993054892707e-16 0.2865047968601901 1.478993054892707e-16 0.818730753077983 0.0067379469990854375 0.006409333446256383 9.965376815882564e-19 0.0019304541362277058 0.0005814416121937551 1.4412496618296644e-06 0.0030275547453758097 1.4105032856773266e-17 0.0042963046907523285 1.4105032856773266e-17 5.03045560711143e-06 1.8064461965456675e-16 0.005516564420760777 2.0933724855193614e-15 1.960629974079797e-09 5.905303998944039e-10 1.960629974079797e-09 5.469114754617943e-19 3.407064022429891e-10 5.525960833850169e-23 1.6875298575085319e-09 4.31476228164144e-24 1.314249574484021e-09 4.31476228164144e-24 1.6875298575085319e-09 5.525960833850169e-23 3.591019059967356e-11 1.2862125085645622e-20 2.4701699473669368e-21 2.4701699473669368e-21 2.722911901998608e-20 1.1668256627221738e-21 4.731711388784468e-21 4.731711388784468e-21 4.731711388784468e-21 4.146989311407545e-28 2.722911901998608e-20 1.8252224314986868e-20 2.4701699473669368e-21 4.731711388784468e-21 1.9287498479639178e-22 8.109720044861125e-36 4.7890362211234357e-45 1.8048513878454153e-35 1.150824054383861e-35 1.7168277469694898e-35 4.2555905147618225e-38 5.607384914544207e-48 1.7168277469694898e-35 2.347623922306236e-40 1.4776873359645344e-35 4.8388135515848446e-49 7.356972042199196e-37 1.557470993555446e-36 1.557470993555446e-36 1.0815242801402305e-69 4.2299074554410136e-55 9.001131581050935e-57 2.321422431146883e-55 4.4582896577191885e-56 7.64110023462169e-71 4.2299074554410136e-55 7.64110023462169e-71 2.321422431146883e-55 1.0815242801402305e-69 5.166420632837861e-55 1.3851193699225623e-68 4.2299074554410136e-55 6.720117097743846e-60 1.1697703406782212e-80 2.0859897908897553e-91 6.386729656467359e-79 1.4055288651648548e-93 4.281152917340237e-79 1.4055288651648548e-93 4.281152917340237e-79 5.497109158591894e-79 1.9236460055759427e-79 6.386729656467359e-79 1.4055288651648548e-93 6.386729656467359e-79 2.0859897908897553e-91 3.2433441752734616e-107 3.961429521341682e-107 2.5259189834729798e-107 2.5259189834729798e-107 1.7799850232478188e-107 2.5259189834729798e-107 2.1003741768867326e-113 3.2433441752734616e-107 1.0620607868662067e-120 3.7682283237860514e-107 1.2307528635096678e-119 1.7799850232478693e-107 2.5259189834729798e-107 0.0 0.0 0.0 0.0 0.0 0.0 0.0 0.0 0.0 0.0 0.0 0.0 0.0 0.0 0.0 0.0 0.0 0.0 0.0 0.0 0.0 0.0 0.0 0.0 0.0 0.0 0.0 0.0 0.0 0.0 0.0 0.0 0.0 0.0 0.0 0.0 0.0 0.0 0.0 0.0 0.0 0.0 0.0 0.0 0.0 0.0 0.0 0.0 0.0 0.0 0.0 0.0 0.0 0.0 0.0 0.0 0.0 0.0 0.0 0.0 0.0 0.0 0.0 0.0 0.0 0.0 0.0 0.0 0.0 0.0 0.0 0.0 0.0 0.0 0.0 0.0 0.0 0.0 0.0 0.0 0.0 0.0 0.0 0.0 0.0 0.0 0.0 0.0 0.0 0.0 0.0 0.0 0.0 0.0 0.0 0.0 0.0 0.0 0.0 0.0 0.0 0.0 0.0 0.0 0.0 0.0 0.0 0.0 0.0 0.0 0.0 0.0 0.0 0.0 0.0 -1
0.2865047968601895 1.0 0.9512294245007139 0.9512294245007139 0.4493289641172218 0.8187307530779823 2.760772572037194e-06 0.040762203978366114 3.090818748408321e-11 0.0067379469990854375 3.090818748408321e-11 0.08629358649937069 0.2865047968601901 0.0030275547453758153 2.0825772910554945e-13 0.006737946999085467 0.005516564420760777 0.00027465356997214254 0.006409333446256383 1.787863114488998e-12 0.005516564420760777 1.787863114488998e-12 0.0005814416121937572 1.3887943864964021e-11 0.0005814416121937572 9.761401856359416e-11 3.407064022429891e-10 2.061153622438558e-09 9.261360220567754e-10 5.6903763875834665e-15 1.960629974079797e-09 4.248354255291589e-18 1.7786433840639332e-10 5.4691147546180595e-19 8.401716438858868e-11 5.4691147546180595e-19 1.7786433840639332e-10 4.248354255291589e-18 9.261360220567754e-10 2.722911901998608e-20 2.3436319931529306e-20 2.3436319931529306e-20 1.2862125085645622e-20 1.8252224314986868e-20 2.722911901998608e-20 2.722911901998608e-20 2.722911901998608e-20 1.5873123369578926e-24 4.731711388784501e-21 2.3436319931529306e-20 2.3436319931529306e-20 2.722911901998608e-20 8.201253044288238e-21 1.7168277469694898e-35 4.982784208166841e-41 5.170985802374829e-36 1.4776873359645344e-35 8.109720044861125e-36 2.9833992781603548e-36 2.614725181150632e-43 8.109720044861125e-36 1.2160992992528256e-37 1.5574709935554904e-36 3.720075976020836e-44 1.150824054383861e-35 1.4776873359645344e-35 1.4776873359645344e-35 1.3708705165890278e-64 4.458289657719315e-56 2.321422431146883e-55 4.9144513253029174e-55 4.2299074554410136e-55 1.596846975413907e-65 4.458289657719315e-56 1.596846975413907e-65 4.9144513253029174e-55 1.3708705165890278e-64 1.480204293905506e-55 1.0648786602415064e-63 4.458289657719315e-56 3.4811068399043105e-57 3.0168774711142915e-79 9.726976330295056e-87 3.0168774711142915e-79 1.7815578594495408e-88 5.497109158591894e-79 1.7815578594495408e-88 2.7368494950442564e-80 4.281152917340237e-79 6.714184288211594e-79 3.0168774711142915e-79 1.7815578594495408e-88 1.109847198156208e-79 9.726976330295056e-87 2.5259189834729798e-107 1.1349685602879587e-107 3.2433441752734616e-107 3.2433441752734616e-107 3.7682283237860514e-107 3.2433441752734616e-107 2.957547061518155e-110 3.418459610610525e-108 8.16511480794845e-116 6.548198956459443e-108 5.739004104471235e-115 6.901750922876346e-109 3.2433441752734616e-107 0.0 0.0 0.0 0.0 0.0 0.0 0.0 0.0 0.0 0.0 0.0 0.0 0.0 0.0 0.0 0.0 0.0 0.0 0.0 0.0 0.0 0.0 0.0 0.0 0.0 0.0 0.0 0.0 0.0 0.0 0.0 0.0 0.0 0.0 0.0 0.0 0.0 0.0 0.0 0.0 0.0 0.0 0.0 0.0 0.0 0.0 0.0 0.0 0.0 0.0 0.0 0.0 0.0 0.0 0.0 0.0 0.0 0.0 0.0 0.0 0.0 0.0 0.0 0.0 0.0 0.0 0.0 0.0 0.0 0.0 0.0 0.0 0.0 0.0 0.0 0.0 0.0 0.0 0.0 0.0 0.0 0.0 0.0 0.0 0.0 0.0 0.0 0.0 0.0 0.0 0.0 0.0 0.0 0.0 0.0 0.0 0.0 0.0 0.0 0.0 0.0 0.0 0.0 0.0 0.0 0.0 0.0 0.0 0.0 0.0 0.0 0.0 0.0 0.0 0.0 -1
0.44932896411722095 0.9512294245007139 1.0 1.0 0.2865047968601901 0.9512294245007143 5.302061201824272e-07 0.08629358649937038 3.2576989934351138e-12 0.017422374639493452 3.2576989934351138e-12 0.16529888822158686 0.16529888822158645 0.004296304690752343 2.1950203156739873e-14 0.006409333446256383 0.004296304690752343 0.00011739103691911818 0.006737946999085467 2.0825772910554945e-13 0.006409333446256383 2.0825772910554945e-13 0.00027465356997214254 1.787863114488979e-12 0.0011137751478448052 1.3887943864964021e-11 5.905303998944039e-10 1.960629974079797e-09 1.314249574484021e-09 1.0928362652531032e-15 1.6875298575085319e-09 5.469114754618021e-19 3.4070640224299034e-10 6.37065225958282e-20 1.7786433840639205e-10 6.37065225958282e-20 3.4070640224299034e-10 5.469114754618021e-19 5.905303998944039e-10 2.8625185805493937e-20 1.8252224314986868e-20 1.8252224314986868e-20 1.8252224314986868e-20 1.2862125085645622e-20 2.343631993152914e-20 2.343631993152914e-20 2.343631993152914e-20 3.7233631217505106e-25 8.201253044288238e-21 2.722911901998608e-20 1.8252224314986868e-20 2.343631993152914e-20 4.731711388784501e-21 1.8048513878454153e-35 9.569432518553867e-42 8.109720044861125e-36 1.7168277469694898e-35 1.150824054383861e-35 1.557470993555446e-36 3.720075976020836e-44 1.150824054383861e-35 4.2555905147618225e-38 2.9833992781603548e-36 4.7890362211235035e-45 8.109720044861125e-36 1.150824054383861e-35 1.150824054383861e-35 1.596846975413907e-65 8.540035866931664e-56 1.480204293905506e-55 5.166420632837861e-55 3.294255238616988e-55 1.6830643295258424e-66 8.540035866931664e-56 1.6830643295258424e-66 5.166420632837861e-55 1.596846975413907e-65 2.321422431146883e-55 1.3708705165889889e-64 8.540035866931664e-56 1.2181706919715476e-57 1.9236460055759427e-79 1.3838965267367376e-87 4.281152917340237e-79 2.0752326678272674e-89 6.386729656467359e-79 2.0752326678272674e-89 5.7939104264749164e-80 5.497109158591894e-79 6.386729656467359e-79 4.281152917340237e-79 2.0752326678272674e-89 1.9236460055759427e-79 1.3838965267367376e-87 3.2433441752734616e-107 1.7799850232478188e-107 3.7682283237860514e-107 3.7682283237860514e-107 3.961429521341682e-107 3.7682283237860514e-107 8.473514200647113e-111 6.548198956459443e-108 1.0511352675846441e-116 1.1349685602879587e-107 8.16511480794845e-116 1.6147659819485312e-108 3.7682283237860514e-107 0.0 0.0 0.0 0.0 0.0 0.0 0.0 0.0 0.0 0.0 0.0 0.0 0.0 0.0 0.0 0.0 0.0 0.0 0.0 0.0 0.0 0.0 0.0 0.0 0.0 0.0 0.0 0.0 0.0 0.0 0.0 0.0 0.0 0.0 0.0 0.0 0.0 0.0 0.0 0.0 0.0 0.0 0.0 0.0 0.0 0.0 0.0 0.0 0.0 0.0 0.0 0.0 0.0 0.0 0.0 0.0 0.0 0.0 0.0 0.0 0.0 0.0 0.0 0.0 0.0 0.0 0.0 0.0 0.0 0.0 0.0 0.0 0.0 0.0 0.0 0.0 0.0 0.0 0.0 0.0 0.0 0.0 0.0 0.0 0.0 0.0 0.0 0.0 0.0 0.0 0.0 0.0 0.0 0.0 0.0 0.0 0.0 0.0 0.0 0.0 0.0 0.0 0.0 0.0 0.0 0.0 0.0 0.0 0.0 0.0 0.0 0.0 0.0 0.0 0.0 1
0.44932896411722095 0.9512294245007139 1.0 1.0 0.2865047968601901 0.9512294245007143 5.302061201824272e-07 0.08629358649937038 3.2576989934351138e-12 0.017422374639493452 3.2576989934351138e-12 0.16529888822158686 0.16529888822158645 0.004296304690752343 2.1950203156739873e-14 0.006409333446256383 0.004296304690752343 0.00011739103691911818 0.006737946999085467 2.0825772910554945e-13 0.006409333446256383 2.0825772910554945e-13 0.00027465356997214254 1.787863114488979e-12 0.0011137751478448052 1.3887943864964021e-11 5.905303998944039e-10 1.960629974079797e-09 1.314249574484021e-09 1.0928362652531032e-15 1.6875298575085319e-09 5.469114754618021e-19 3.4070640224299034e-10 6.37065225958282e-20 1.7786433840639205e-10 6.37065225958282e-20 3.4070640224299034e-10 5.469114754618021e-19 5.905303998944039e-10 2.8625185805493937e-20 1.8252224314986868e-20 1.8252224314986868e-20 1.8252224314986868e-20 1.2862125085645622e-20 2.343631993152914e-20 2.343631993152914e-20 2.343631993152914e-20 3.7233631217505106e-25 8.201253044288238e-21 2.722911901998608e-20 1.8252224314986868e-20 2.343631993152914e-20 4.731711388784501e-21 1.8048513878454153e-35 9.569432518553867e-42 8.109720044861125e-36 1.7168277469694898e-35 1.150824054383861e-35 1.557470993555446e-36 3.720075976020836e-44 1.150824054383861e-35 4.2555905147618225e-38 2.9833992781603548e-36 4.7890362211235035e-45 8.109720044861125e-36 1.150824054383861e-35 1.150824054383861e-35 1.596846975413907e-65 8.540035866931664e-56 1.480204293905506e-55 5.166420632837861e-55 3.294255238616988e-55 1.6830643295258424e-66 8.540035866931664e-56 1.6830643295258424e-66 5.166420632837861e-55 1.596846975413907e-65 2.321422431146883e-55 1.3708705165889889e-64 8.540035866931664e-56 1.2181706919715476e-57 1.9236460055759427e-79 1.3838965267367376e-87 4.281152917340237e-79 2.0752326678272674e-89 6.386729656467359e-79 2.0752326678272674e-89 5.7939104264749164e-80 5.497109158591894e-79 6.386729656467359e-79 4.281152917340237e-79 2.0752326678272674e-89 1.9236460055759427e-79 1.3838965267367376e-87 3.2433441752734616e-107 1.7799850232478188e-107 3.7682283237860514e-107 3.7682283237860514e-107 3.961429521341682e-107 3.7682283237860514e-107 8.473514200647113e-111 6.548198956459443e-108 1.0511352675846441e-116 1.1349685602879587e-107 8.16511480794845e-116 1.6147659819485312e-108 3.7682283237860514e-107 0.0 0.0 0.0 0.0 0.0 0.0 0.0 0.0 0.0 0.0 0.0 0.0 0.0 0.0 0.0 0.0 0.0 0.0 0.0 0.0 0.0 0.0 0.0 0.0 0.0 0.0 0.0 0.0 0.0 0.0 0.0 0.0 0.0 0.0 0.0 0.0 0.0 0.0 0.0 0.0 0.0 0.0 0.0 0.0 0.0 0.0 0.0 0.0 0.0 0.0 0.0 0.0 0.0 0.0 0.0 0.0 0.0 0.0 0.0 0.0 0.0 0.0 0.0 0.0 0.0 0.0 0.0 0.0 0.0 0.0 0.0 0.0 0.0 0.0 0.0 0.0 0.0 0.0 0.0 0.0 0.0 0.0 0.0 0.0 0.0 0.0 0.0 0.0 0.0 0.0 0.0 0.0 0.0 0.0 0.0 0.0 0.0 0.0 0.0 0.0 0.0 0.0 0.0 0.0 0.0 0.0 0.0 0.0 0.0 0.0 0.0 0.0 0.0 0.0 0.0 -1
0.017422374639493452 0.4493289641172218 0.2865047968601901 0.2865047968601901 1.0 0.16529888822158686 0.0007465858083766779 0.0007465858083766779 9.213600834566102e-08 5.545159943217665e-05 9.213600834566102e-08 0.002357862006490241 0.9512294245007139 0.00027465356997214254 6.208075409403602e-10 0.0030275547453758153 0.0055165644207607716 0.0030275547453758153 0.0019304541362277093 3.5725007363799464e-09 0.0011137751478448052 3.5725007363799464e-09 0.004296304690752343 1.8601939266915445e-08 1.5887149230888574e-05 8.764248219443636e-08 1.3887943864964021e-11 9.261360220567754e-10 8.401716438858898e-11 1.5388280433968073e-12 1.314249574484021e-09 5.6903763875834665e-15 4.859915815887603e-12 1.0928362652531109e-15 1.5388280433968073e-12 1.0928362652531109e-15 4.859915815887603e-12 5.6903763875834665e-15 2.061153622438558e-09 8.201253044288238e-21 2.343631993152914e-20 2.343631993152914e-20 1.1668256627221738e-21 2.722911901998608e-20 1.8252224314986868e-20 1.8252224314986868e-20 1.8252224314986868e-20 1.9287498479639178e-22 1.9287498479639178e-22 4.731711388784501e-21 2.343631993152914e-20 1.8252224314986868e-20 2.722911901998608e-20 5.170985802374829e-36 1.347476432394337e-38 3.1444797047652272e-37 2.9833992781603548e-36 7.356972042199196e-37 1.4776873359645344e-35 2.347623922306236e-40 7.356972042199196e-37 2.9833992781603548e-36 4.2555905147618225e-38 4.982784208166841e-41 1.7168277469694898e-35 1.4776873359645344e-35 1.4776873359645344e-35 2.7392678389674415e-61 1.2181706919715476e-57 5.166420632837861e-55 1.480204293905506e-55 4.2299074554410136e-55 4.760133745443377e-62 1.2181706919715476e-57 4.760133745443377e-62 1.480204293905506e-55 2.7392678389674415e-61 9.001131581050935e-57 1.4263312378745682e-60 1.2181706919715476e-57 8.540035866931664e-56 6.714184288211594e-79 8.733339354103234e-84 2.7368494950442564e-80 3.559901601642531e-85 1.109847198156208e-79 3.559901601642531e-85 5.0127147044045087e-82 5.7939104264749164e-80 3.0168774711142915e-79 2.7368494950442564e-80 3.559901601642531e-85 4.52398178760621e-81 8.733339354103234e-84 3.418459610610525e-108 6.901750922876346e-109 6.548198956459443e-108 6.548198956459443e-108 1.1349685602879587e-107 6.548198956459443e-108 1.6147659819485312e-108 9.340504159760233e-110 1.0936605968578448e-112 2.6691902155412764e-109 5.152749291970188e-112 8.473514200647113e-111 6.548198956459443e-108 0.0 0.0 0.0 0.0 0.0 0.0 0.0 0.0 0.0 0.0 0.0 0.0 0.0 0.0 0.0 0.0 0.0 0.0 0.0 0.0 0.0 0.0 0.0 0.0 0.0 0.0 0.0 0.0 0.0 0.0 0.0 0.0 0.0 0.0 0.0 0.0 0.0 0.0 0.0 0.0 0.0 0.0 0.0 0.0 0.0 0.0 0.0 0.0 0.0 0.0 0.0 0.0 0.0 0.0 0.0 0.0 0.0 0.0 0.0 0.0 0.0 0.0 0.0 0.0 0.0 0.0 0.0 0.0 0.0 0.0 0.0 0.0 0.0 0.0 0.0 0.0 0.0 0.0 0.0 0.0 0.0 0.0 0.0 0.0 0.0 0.0 0.0 0.0 0.0 0.0 0.0 0.0 0.0 0.0 0.0 0.0 0.0 0.0 0.0 0.0 0.0 0.0 0.0 0.0 0.0 0.0 0.0 0.0 0.0 0.0 0.0 0.0 0.0 0.0 0.0 -1
0.6376281516217719 0.8187307530779823 0.9512294245007143 0.9512294245007143 0.16529888822158686 1.0 9.213600834566168e-08 0.16529888822158598 3.1068402375434894e-13 0.04076220397836599 3.1068402375434894e-13 0.2865047968601901 0.08629358649937069 0.0055165644207607716 2.093372485519421e-15 0.005516564420760777 0.003027554745375818 4.539992976248501e-05 0.006409333446256383 2.1950203156739873e-14 0.006737946999085467 2.1950203156739873e-14 0.00011739103691911859 2.0825772910555091e-13 0.0019304541362277093 1.787863114488998e-12 9.261360220567754e-10 1.6875298575085319e-09 1.6875298575085319e-09 1.8990646735868975e-16 1.314249574484021e-09 6.37065225958282e-20 5.905303998944039e-10 6.7146180811332285e-21 3.407064022429891e-10 6.7146180811332285e-21 5.905303998944039e-10 6.37065225958282e-20 3.4070640224299034e-10 2.722911901998608e-20 1.2862125085645622e-20 1.2862125085645622e-20 2.343631993152914e-20 8.201253044288238e-21 1.8252224314986868e-20 1.8252224314986868e-20 1.8252224314986868e-20 7.902762784127649e-26 1.2862125085645622e-20 2.8625185805493937e-20 1.2862125085645622e-20 1.8252224314986868e-20 2.4701699473669368e-21 1.7168277469694898e-35 1.662918025332054e-42 1.150824054383861e-35 1.8048513878454153e-35 1.4776873359645344e-35 7.356972042199196e-37 4.7890362211235713e-45 1.4776873359645344e-35 1.3474764323943562e-38 5.170985802374829e-36 5.578468507643387e-46 5.170985802374829e-36 8.109720044861125e-36 8.109720044861125e-36 1.6830643295258424e-66 1.480204293905506e-55 8.540035866931664e-56 4.9144513253029174e-55 2.321422431146883e-55 1.6051243506175622e-67 1.480204293905506e-55 1.6051243506175622e-67 4.9144513253029174e-55 1.6830643295258424e-66 3.294255238616988e-55 1.596846975413907e-65 1.480204293905506e-55 3.857176324581254e-58 1.109847198156208e-79 1.7815578594495408e-88 5.497109158591894e-79 2.1872791397444917e-90 6.714184288211594e-79 2.1872791397444917e-90 1.109847198156208e-79 6.386729656467359e-79 5.497109158591894e-79 5.497109158591894e-79 2.1872791397444917e-90 3.016877471114206e-79 1.7815578594495408e-88 3.7682283237860514e-107 2.5259189834729798e-107 3.961429521341682e-107 3.961429521341682e-107 3.7682283237860514e-107 3.961429521341682e-107 2.1966760299623706e-111 1.1349685602879587e-107 1.2244060635061245e-117 1.7799850232478188e-107 1.0511352675846441e-116 3.418459610610525e-108 3.961429521341682e-107 0.0 0.0 0.0 0.0 0.0 0.0 0.0 0.0 0.0 0.0 0.0 0.0 0.0 0.0 0.0 0.0 0.0 0.0 0.0 0.0 0.0 0.0 0.0 0.0 0.0 0.0 0.0 0.0 0.0 0.0 0.0 0.0 0.0 0.0 0.0 0.0 0.0 0.0 0.0 0.0 0.0 0.0 0.0 0.0 0.0 0.0 0.0 0.0 0.0 0.0 0.0 0.0 0.0 0.0 0.0 0.0 0.0 0.0 0.0 0.0 0.0 0.0 0.0 0.0 0.0 0.0 0.0 0.0 0.0 0.0 0.0 0.0 0.0 0.0 0.0 0.0 0.0 0.0 0.0 0.0 0.0 0.0 0.0 0.0 0.0 0.0 0.0 0.0 0.0 0.0 0.0 0.0 0.0 0.0 0.0 0.0 0.0 0.0 0.0 0.0 0.0 0.0 0.0 0.0 0.0 0.0 0.0 0.0 0.0 0.0 0.0 0.0 0.0 0.0 0.0 -1
2.653424128642781e-10 2.760772572037194e-06 5.302061201824272e-07 5.302061201824272e-07 0.0007465858083766779 9.213600834566168e-08 1.0 3.1068402375434233e-13 0.16529888822158667 2.0933724855193614e-15 0.16529888822158667 3.2576989934351138e-12 0.0023578620064902307 1.3887943864964021e-11 0.0011137751478448043 1.8601939266915445e-08 3.736299379885247e-07 0.00027465356997214156 3.572500736379934e-09 0.001930454136227711 6.208075409403646e-10 0.001930454136227711 0.00011739103691911776 0.0030275547453758153 2.1950203156739873e-14 0.004296304690752343 6.37065225958282e-20 5.6903763875834665e-15 4.248354255291589e-18 2.061153622438558e-09 2.6810038677818034e-14 9.261360220567754e-10 6.7146180811332285e-21 5.905303998944039e-10 6.403675009950474e-22 5.905303998944039e-10 6.7146180811332285e-21 9.261360220567754e-10 1.5388280433968073e-12 1.5177248705432027e-26 1.5873123369578814e-24 1.5873123369578814e-24 5.900090541597061e-29 6.122939133771619e-24 3.7233631217505106e-25 3.7233631217505106e-25 3.7233631217505106e-25 2.343631993152914e-20 8.84752609642924e-31 2.6374103582711242e-27 1.5873123369578814e-24 3.7233631217505106e-25 6.749423803949736e-23 9.569432518553867e-42 1.8048513878454153e-35 4.7890362211234357e-45 1.662918025332054e-42 3.720075976020836e-44 1.2160992992528256e-37 1.150824054383861e-35 3.720075976020836e-44 2.9833992781603548e-36 5.879662549484019e-47 8.109720044861125e-36 3.8605846153703324e-39 1.0008189619341152e-39 1.0008189619341152e-39 1.480204293905506e-55 1.6830643295258424e-66 3.857176324581144e-58 2.7392678389674415e-61 2.864862874302561e-59 8.540035866931664e-56 1.6830643295258424e-66 8.540035866931664e-56 2.7392678389674415e-61 1.480204293905506e-55 1.3708705165889889e-64 2.321422431146883e-55 1.6830643295258424e-66 8.540035866931664e-56 5.0127147044045087e-82 4.281152917340237e-79 1.3838965267367376e-87 1.9236460055759427e-79 6.186181396129606e-86 1.9236460055759427e-79 2.0859897908897553e-91 9.726976330295056e-87 1.8536335826497472e-84 1.3838965267367376e-87 1.9236460055759427e-79 2.0752326678272674e-89 4.281152917340237e-79 5.739004104471235e-115 1.0511352675845844e-116 3.649903034390903e-114 3.649903034390903e-114 2.1003741768867326e-113 3.649903034390903e-114 1.7799850232478188e-107 1.2905144964239033e-118 1.7799850232478693e-107 1.2244060635060548e-117 2.5259189834729798e-107 1.0620607868662067e-120 3.649903034390903e-114 0.0 0.0 0.0 0.0 0.0 0.0 0.0 0.0 0.0 0.0 0.0 0.0 0.0 0.0 0.0 0.0 0.0 0.0 0.0 0.0 0.0 0.0 0.0 0.0 0.0 0.0 0.0 0.0 0.0 0.0 0.0 0.0 0.0 0.0 0.0 0.0 0.0 0.0 0.0 0.0 0.0 0.0 0.0 0.0 0.0 0.0 0.0 0.0 0.0 0.0 0.0 0.0 0.0 0.0 0.0 0.0 0.0 0.0 0.0 0.0 0.0 0.0 0.0 0.0 0.0 0.0 0.0 0.0 0.0 0.0 0.0 0.0 0.0 0.0 0.0 0.0 0.0 0.0 0.0 0.0 0.0 0.0 0.0 0.0 0.0 0.0 0.0 0.0 0.0 0.0 0.0 0.0 0.0 0.0 0.0 0.0 0.0 0.0 0.0 0.0 0.0 0.0 0.0 0.0 0.0 0.0 0.0 0.0 0.0 0.0 0.0 0.0 0.0 0.0 0.0 1
0.6376281516217736 0.040762203978366114 0.08629358649937038 0.08629358649937038 0.0007465858083766779 0.16529888822158598 3.1068402375434233e-13 1.0 2.8625185805493937e-20 0.8187307530779816 2.8625185805493937e-20 0.9512294245007135 0.00021390041536766073 0.0030275547453758097 1.9287498479639178e-22 0.00027465356997214156 4.5399929762484854e-05 1.8601939266915445e-08 0.0005814416121937551 3.685060534853202e-21 0.0011137751478447983 3.685060534853202e-21 8.764248219443636e-08 6.370652259582775e-20 0.006409333446256383 9.965376815882564e-19 1.6875298575085319e-09 8.401716438858868e-11 9.261360220567754e-10 6.403675009950474e-22 3.591019059967356e-11 1.9487973093165704e-26 1.960629974079797e-09 1.1272685688012938e-27 2.061153622438558e-09 1.1272685688012938e-27 1.960629974079797e-09 1.9487973093165704e-26 1.5388280433968073e-12 2.4701699473669368e-21 1.9287498479639178e-22 1.9287498479639178e-22 1.2862125085645622e-20 6.749423803949736e-23 4.98718711228425e-22 4.98718711228425e-22 4.98718711228425e-22 8.84752609642924e-31 2.343631993152914e-20 4.731711388784468e-21 1.9287498479639178e-22 4.98718711228425e-22 6.122939133771619e-24 1.557470993555446e-36 5.607384914544207e-48 1.150824054383861e-35 2.9833992781603548e-36 8.109720044861125e-36 1.0008189619341152e-39 2.669362667736871e-51 8.109720044861125e-36 1.6629180253320068e-42 1.7168277469694898e-35 1.7064664613344448e-52 4.2555905147618225e-38 1.2160992992528256e-37 1.2160992992528256e-37 2.8255747311616115e-73 4.9144513253029174e-55 3.857176324581144e-58 4.4582896577191885e-56 3.4811068399043105e-57 1.4788975056432133e-74 4.9144513253029174e-55 1.4788975056432133e-74 4.4582896577191885e-56 2.8255747311616115e-73 3.294255238616988e-55 4.884791952654222e-72 4.9144513253029174e-55 4.760133745443377e-62 5.0127147044045087e-82 9.930231931534822e-95 3.016877471114206e-79 3.6720644355881995e-97 1.109847198156208e-79 3.6720644355881995e-97 6.714184288211594e-79 1.9236460055759427e-79 2.7368494950442564e-80 3.016877471114206e-79 3.6720644355881995e-97 5.497109158591894e-79 9.930231931534822e-95 1.1349685602879587e-107 2.5259189834729798e-107 6.548198956459443e-108 6.548198956459443e-108 3.418459610610525e-108 6.548198956459443e-108 8.16511480794845e-116 3.7682283237860514e-107 3.7454865606300805e-124 3.2433441752734616e-107 5.858926749511372e-123 3.7682283237860514e-107 6.548198956459443e-108 0.0 0.0 0.0 0.0 0.0 0.0 0.0 0.0 0.0 0.0 0.0 0.0 0.0 0.0 0.0 0.0 0.0 0.0 0.0 0.0 0.0 0.0 0.0 0.0 0.0 0.0 0.0 0.0 0.0 0.0 0.0 0.0 0.0 0.0 0.0 0.0 0.0 0.0 0.0 0.0 0.0 0.0 0.0 0.0 0.0 0.0 0.0 0.0 0.0 0.0 0.0 0.0 0.0 0.0 0.0 0.0 0.0 0.0 0.0 0.0 0.0 0.0 0.0 0.0 0.0 0.0 0.0 0.0 0.0 0.0 0.0 0.0 0.0 0.0 0.0 0.0 0.0 0.0 0.0 0.0 0.0 0.0 0.0 0.0 0.0 0.0 0.0 0.0 0.0 0.0 0.0 0.0 0.0 0.0 0.0 0.0 0.0 0.0 0.0 0.0 0.0 0.0 0.0 0.0 0.0 0.0 0.0 0.0 0.0 0.0 0.0 0.0 0.0 0.0 0.0 -1
1.478993054892707e-16 3.090818748408321e-11 3.2576989934351138e-12 3.2576989934351138e-12 9.213600834566102e-08 3.1068402375434894e-13 0.16529888822158667 2.8625185805493937e-20 1.0 5.809282904332661e-23 1.0 5.469114754618098e-19 5.302061201824291e-07 1.4105032856773568e-17 0.006737946999085467 2.0825772910554945e-13 1.3887943864964021e-11 3.736299379885254e-07 2.1950203156739873e-14 0.006409333446256383 2.093372485519421e-15 0.006409333446256383 8.764248219443606e-08 0.0055165644207607716 3.685060534853307e-21 0.00429630469075234 1.9487973093165845e-26 6.37065225958282e-20 4.3147622816415315e-24 3.4070640224299034e-10 5.4691147546180595e-19 1.6875298575085319e-09 1.1272685688013257e-27 1.960629974079797e-09 5.900090541597061e-29 1.960629974079797e-09 1.1272685688013257e-27 1.6875298575085319e-09 1.899064673586884e-16 9.325223898545136e-32 5.900090541597061e-29 5.900090541597061e-29 5.992317635810209e-35 4.146989311407574e-28 7.595475870318154e-30 7.595475870318154e-30 7.595475870318154e-30 1.1668256627221738e-21 2.706478763598165e-37 8.893387906766762e-33 5.900090541597061e-29 7.595475870318154e-30 1.5177248705432027e-26 5.879662549484019e-47 2.9833992781603548e-36 2.669362667736871e-51 5.607384914544366e-48 3.7782262357671333e-50 4.982784208166913e-41 1.150824054383861e-35 3.7782262357671333e-50 1.347476432394337e-38 9.870939355158312e-54 1.4776873359645344e-35 2.614725181150632e-43 3.720075976020836e-44 3.720075976020836e-44 4.9144513253029174e-55 2.8255747311616917e-73 4.760133745443377e-62 1.6830643295258424e-66 1.0648786602415064e-63 5.166420632837861e-55 2.8255747311616917e-73 5.166420632837861e-55 1.6830643295258424e-66 4.9144513253029174e-55 7.64110023462169e-71 4.2299074554410136e-55 2.8255747311616917e-73 3.857176324581144e-58 6.186181396129606e-86 4.281152917340237e-79 1.4055288651648947e-93 6.386729656467359e-79 2.0859897908898145e-91 6.386729656467359e-79 1.921947727823849e-98 1.8000754045695096e-92 2.0752326678272674e-89 1.4055288651648947e-93 6.386729656467359e-79 6.348184886695737e-96 4.281152917340237e-79 1.0620607868662067e-120 5.858926749511372e-123 1.2307528635096678e-119 1.2307528635096678e-119 1.2905144964239033e-118 1.2307528635096678e-119 2.6691902155412764e-109 2.1665512644550118e-125 3.2433441752734616e-107 3.7454865606302933e-124 2.5259189834729798e-107 5.370343662626807e-128 1.2307528635096678e-119 0.0 0.0 0.0 0.0 0.0 0.0 0.0 0.0 0.0 0.0 0.0 0.0 0.0 0.0 0.0 0.0 0.0 0.0 0.0 0.0 0.0 0.0 0.0 0.0 0.0 0.0 0.0 0.0 0.0 0.0 0.0 0.0 0.0 0.0 0.0 0.0 0.0 0.0 0.0 0.0 0.0 0.0 0.0 0.0 0.0 0.0 0.0 0.0 0.0 0.0 0.0 0.0 0.0 0.0 0.0 0.0 0.0 0.0 0.0 0.0 0.0 0.0 0.0 0.0 0.0 0.0 0.0 0.0 0.0 0.0 0.0 0.0 0.0 0.0 0.0 0.0 0.0 0.0 0.0 0.0 0.0 0.0 0.0 0.0 0.0 0.0 0.0 0.0 0.0 0.0 0.0 0.0 0.0 0.0 0.0 0.0 0.0 0.0 0.0 0.0 0.0 0.0 0.0 0.0 0.0 0.0 0.0 0.0 0.0 0.0 0.0 0.0 0.0 0.0 0.0 1
0.2865047968601901 0.0067379469990854375 0.017422374639493452 0.017422374639493452 5.545159943217665e-05 0.04076220397836599 2.0933724855193614e-15 0.8187307530779816 5.809282904332661e-23 1.0 5.809282904332661e-23 0.6376281516217719 1.3007297654067529e-05 0.0011137751478447983 3.914264031208676e-25 4.539992976248469e-05 5.03045560711143e-06 6.20807540940358e-10 0.00011739103691911776 9.134351821914669e-24 0.0002746535699721411 9.134351821914669e-24 3.572500736379934e-09 1.9287498479638903e-22 0.0042963046907523285 3.685060534853202e-21 9.261360220567754e-10 1.3887943864963971e-11 3.407064022429891e-10 4.31476228164144e-24 4.859915815887568e-12 5.900090541596978e-29 1.3142495744840163e-09 2.7942194186037774e-30 1.6875298575085319e-09 2.7942194186037774e-30 1.3142495744840163e-09 5.900090541596978e-29 1.1429426503964297e-13 4.98718711228425e-22 2.1371157484527277e-23 2.1371157484527277e-23 4.731711388784468e-21 6.122939133771619e-24 6.749423803949736e-23 6.749423803949736e-23 6.749423803949736e-23 8.89338790676651e-33 1.2862125085645622e-20 1.1668256627221738e-21 2.1371157484527277e-23 6.749423803949736e-23 3.723363121750484e-25 3.1444797047652272e-37 3.778226235767026e-50 5.170985802374829e-36 7.356972042199196e-37 2.9833992781603548e-36 4.982784208166841e-41 9.870939355158031e-54 2.9833992781603548e-36 3.720075976020836e-44 1.150824054383861e-35 5.166420632837788e-55 3.8605846153703324e-39 1.347476432394337e-38 1.347476432394337e-38 7.003899515200305e-76 3.294255238616988e-55 2.864862874302561e-59 9.001131581050935e-57 3.857176324581144e-58 3.0013199058936297e-77 3.294255238616988e-55 3.0013199058936297e-77 9.001131581050935e-57 7.003899515200305e-76 1.480204293905506e-55 1.4788975056432133e-74 3.294255238616988e-55 1.0648786602415064e-63 3.723122576637214e-83 3.6720644355881995e-97 1.109847198156208e-79 9.102137712573372e-100 2.7368494950442564e-80 9.102137712573372e-100 5.497109158591894e-79 5.7939104264749164e-80 4.52398178760621e-81 1.109847198156208e-79 9.102137712573372e-100 3.016877471114206e-79 3.6720644355881995e-97 3.418459610610525e-108 1.1349685602879587e-107 1.6147659819485312e-108 1.6147659819485312e-108 6.901750922876346e-109 1.6147659819485312e-108 1.2244060635060548e-117 2.5259189834729798e-107 1.1339665610377455e-126 1.7799850232478188e-107 2.1665512644548888e-125 3.7682283237860514e-107 1.6147659819485312e-108 0.0 0.0 0.0 0.0 0.0 0.0 0.0 0.0 0.0 0.0 0.0 0.0 0.0 0.0 0.0 0.0 0.0 0.0 0.0 0.0 0.0 0.0 0.0 0.0 0.0 0.0 0.0 0.0 0.0 0.0 0.0 0.0 0.0 0.0 0.0 0.0 0.0 0.0 0.0 0.0 0.0 0.0 0.0 0.0 0.0 0.0 0.0 0.0 0.0 0.0 0.0 0.0 0.0 0.0 0.0 0.0 0.0 0.0 0.0 0.0 0.0 0.0 0.0 0.0 0.0 0.0 0.0 0.0 0.0 0.0 0.0 0.0 0.0 0.0 0.0 0.0 0.0 0.0 0.0 0.0 0.0 0.0 0.0 0.0 0.0 0.0 0.0 0.0 0.0 0.0 0.0 0.0 0.0 0.0 0.0 0.0 0.0 0.0 0.0 0.0 0.0 0.0 0.0 0.0 0.0 0.0 0.0 0.0 0.0 0.0 0.0 0.0 0.0 0.0 0.0 -1
1.478993054892707e-16 3.090818748408321e-11 3.2576989934351138e-12 3.2576989934351138e-12 9.213600834566102e-08 3.1068402375434894e-13 0.16529888822158667 2.8625185805493937e-20 1.0 5.809282904332661e-23 1.0 5.469114754618098e-19 5.302061201824291e-07 1.4105032856773568e-17 0.006737946999085467 2.0825772910554945e-13 1.3887943864964021e-11 3.736299379885254e-07 2.1950203156739873e-14 0.006409333446256383 2.093372485519421e-15 0.006409333446256383 8.764248219443606e-08 0.0055165644207607716 3.685060534853307e-21 0.00429630469075234 1.9487973093165845e-26 6.37065225958282e-20 4.3147622816415315e-24 3.4070640224299034e-10 5.4691147546180595e-19 1.6875298575085319e-09 1.1272685688013257e-27 1.960629974079797e-09 5.900090541597061e-29 1.960629974079797e-09 1.1272685688013257e-27 1.6875298575085319e-09 1.899064673586884e-16 9.325223898545136e-32 5.900090541597061e-29 5.900090541597061e-29 5.992317635810209e-35 4.146989311407574e-28 7.595475870318154e-30 7.595475870318154e-30 7.595475870318154e-30 1.1668256627221738e-21 2.706478763598165e-37 8.893387906766762e-33 5.900090541597061e-29 7.595475870318154e-30 1.5177248705432027e-26 5.879662549484019e-47 2.9833992781603548e-36 2.669362667736871e-51 5.607384914544366e-48 3.7782262357671333e-50 4.982784208166913e-41 1.150824054383861e-35 3.7782262357671333e-50 1.347476432394337e-38 9.870939355158312e-54 1.4776873359645344e-35 2.614725181150632e-43 3.720075976020836e-44 3.720075976020836e-44 4.9144513253029174e-55 2.8255747311616917e-73 4.760133745443377e-62 1.6830643295258424e-66 1.0648786602415064e-63 5.166420632837861e-55 2.8255747311616917e-73 5.166420632837861e-55 1.6830643295258424e-66 4.9144513253029174e-55 7.64110023462169e-71 4.2299074554410136e-55 2.8255747311616917e-73 3.857176324581144e-58 6.186181396129606e-86 4.281152917340237e-79 1.4055288651648947e-93 6.386729656467359e-79 2.0859897908898145e-91 6.386729656467359e-79 1.921947727823849e-98 1.8000754045695096e-92 2.0752326678272674e-89 1.4055288651648947e-93 6.386729656467359e-79 6.348184886695737e-96 4.281152917340237e-79 1.0620607868662067e-120 5.858926749511372e-123 1.2307528635096678e-119 1.2307528635096678e-119 1.2905144964239033e-118 1.2307528635096678e-119 2.6691902155412764e-109 2.1665512644550118e-125 3.2433441752734616e-107 3.7454865606302933e-124 2.5259189834729798e-107 5.370343662626807e-128 1.2307528635096678e-119 0.0 0.0 0.0 0.0 0.0 0.0 0.0 0.0 0.0 0.0 0.0 0.0 0.0 0.0 0.0 0.0 0.0 0.0 0.0 0.0 0.0 0.0 0.0 0.0 0.0 0.0 0.0 0.0 0.0 0.0 0.0 0.0 0.0 0.0 0.0 0.0 0.0 0.0 0.0 0.0 0.0 0.0 0.0 0.0 0.0 0.0 0.0 0.0 0.0 0.0 0.0 0.0 0.0 0.0 0.0 0.0 0.0 0.0 0.0 0.0 0.0 0.0 0.0 0.0 0.0 0.0 0.0 0.0 0.0 0.0 0.0 0.0 0.0 0.0 0.0 0.0 0.0 0.0 0.0 0.0 0.0 0.0 0.0 0.0 0.0 0.0 0.0 0.0 0.0 0.0 0.0 0.0 0.0 0.0 0.0 0.0 0.0 0.0 0.0 0.0 0.0 0.0 0.0 0.0 0.0 0.0 0.0 0.0 0.0 0.0 0.0 0.0 0.0 0.0 0.0 1
0.818730753077983 0.08629358649937069 0.16529888822158686 0.16529888822158686 0.002357862006490241 0.2865047968601901 3.2576989934351138e-12 0.9512294245007135 5.469114754618098e-19 0.6376281516217719 5.469114754618098e-19 1.0 0.0007465858083766819 0.004296304690752343 3.685060534853307e-21 0.0005814416121937572 0.00011739103691911859 8.764248219443698e-08 0.0011137751478448052 6.37065225958282e-20 0.0019304541362277093 6.37065225958282e-20 3.7362993798853e-07 9.965376815882635e-19 0.006737946999085467 1.4105032856773568e-17 1.960629974079797e-09 1.7786433840639332e-10 1.314249574484021e-09 6.7146180811332285e-21 8.401716438858898e-11 3.048431892653594e-25 2.061153622438558e-09 1.9487973093165845e-26 1.960629974079797e-09 1.9487973093165845e-26 2.061153622438558e-09 3.048431892653594e-25 4.859915815887603e-12 4.731711388784501e-21 4.987187112284286e-22 4.987187112284286e-22 1.8252224314986868e-20 1.9287498479639178e-22 1.1668256627221738e-21 1.1668256627221738e-21 1.1668256627221738e-21 7.595475870318154e-30 2.722911901998608e-20 8.201253044288238e-21 4.987187112284286e-22 1.1668256627221738e-21 2.137115748452743e-23 2.9833992781603548e-36 5.879662549484019e-47 1.4776873359645344e-35 5.170985802374829e-36 1.150824054383861e-35 3.860584615370387e-39 3.7782262357671333e-50 1.150824054383861e-35 9.569432518553867e-42 1.8048513878454153e-35 2.669362667736871e-51 1.2160992992528256e-37 3.144479704765272e-37 3.144479704765272e-37 4.884791952654361e-72 5.166420632837861e-55 1.2181706919715476e-57 8.540035866931664e-56 9.001131581051191e-57 2.8255747311616917e-73 5.166420632837861e-55 2.8255747311616917e-73 8.540035866931664e-56 4.884791952654361e-72 4.2299074554410136e-55 7.64110023462169e-71 5.166420632837861e-55 2.7392678389674415e-61 1.58311200377476e-81 1.4055288651648947e-93 4.281152917340237e-79 6.348184886695737e-96 1.9236460055759427e-79 6.348184886695737e-96 6.386729656467359e-79 3.0168774711142915e-79 5.7939104264749164e-80 4.281152917340237e-79 6.348184886695737e-96 6.386729656467359e-79 1.4055288651648947e-93 1.7799850232478693e-107 3.2433441752734616e-107 1.1349685602879587e-107 1.1349685602879587e-107 6.548198956459443e-108 1.1349685602879587e-107 5.739004104471235e-115 3.961429521341682e-107 5.858926749511372e-123 3.7682283237860514e-107 8.292747563300811e-122 3.2433441752734616e-107 1.1349685602879587e-107 0.0 0.0 0.0 0.0 0.0 0.0 0.0 0.0 0.0 0.0 0.0 0.0 0.0 0.0 0.0 0.0 0.0 0.0 0.0 0.0 0.0 0.0 0.0 0.0 0.0 0.0 0.0 0.0 0.0 0.0 0.0 0.0 0.0 0.0 0.0 0.0 0.0 0.0 0.0 0.0 0.0 0.0 0.0 0.0 0.0 0.0 0.0 0.0 0.0 0.0 0.0 0.0 0.0 0.0 0.0 0.0 0.0 0.0 0.0 0.0 0.0 0.0 0.0 0.0 0.0 0.0 0.0 0.0 0.0 0.0 0.0 0.0 0.0 0.0 0.0 0.0 0.0 0.0 0.0 0.0 0.0 0.0 0.0 0.0 0.0 0.0 0.0 0.0 0.0 0.0 0.0 0.0 0.0 0.0 0.0 0.0 0.0 0.0 0.0 0.0 0.0 0.0 0.0 0.0 0.0 0.0 0.0 0.0 0.0 0.0 0.0 0.0 0.0 0.0 0.0 -1
0.0067379469990854375 0.2865047968601901 0.16529888822158645 0.16529888822158645 0.9512294245007139 0.08629358649937069 0.0023578620064902307 0.00021390041536766073 5.302061201824291e-07 1.3007297654067529e-05 5.302061201824291e-07 0.0007465858083766819 1.0 0.00011739103691911818 3.5725007363799464e-09 0.0019304541362277093 0.00429630469075234 0.004296304690752343 0.0011137751478448024 1.8601939266915577e-08 0.0005814416121937572 1.8601939266915577e-08 0.005516564420760777 8.764248219443636e-08 5.030455607111457e-06 3.73629937988526e-07 4.859915815887585e-12 5.905303998944039e-10 3.5910190599673815e-11 4.859915815887585e-12 9.261360220567754e-10 2.6810038677818034e-14 1.5388280433968182e-12 5.690376387583507e-15 4.4088161597616605e-13 5.690376387583507e-15 1.5388280433968182e-12 2.6810038677818034e-14 1.960629974079797e-09 4.731711388784501e-21 1.8252224314986868e-20 1.8252224314986868e-20 4.98718711228425e-22 2.343631993152914e-20 1.2862125085645622e-20 1.2862125085645622e-20 1.2862125085645622e-20 4.98718711228425e-22 6.749423803949736e-23 2.4701699473669368e-21 1.8252224314986868e-20 1.2862125085645622e-20 2.8625185805493937e-20 2.9833992781603548e-36 4.2555905147618225e-38 1.2160992992528256e-37 1.5574709935554904e-36 3.144479704765272e-37 1.7168277469694898e-35 1.0008189619341152e-39 3.144479704765272e-37 5.170985802374829e-36 1.3474764323943562e-38 2.347623922306236e-40 1.4776873359645344e-35 1.150824054383861e-35 1.150824054383861e-35 1.4263312378746086e-60 3.857176324581254e-58 4.9144513253029174e-55 8.540035866931664e-56 3.294255238616988e-55 2.7392678389674415e-61 3.857176324581254e-58 2.7392678389674415e-61 8.540035866931664e-56 1.4263312378746086e-60 3.4811068399043105e-57 6.720117097743846e-60 3.857176324581254e-58 1.480204293905506e-55 6.386729656467359e-79 3.723122576637214e-83 1.1697703406782212e-80 1.8536335826497472e-84 5.7939104264749164e-80 1.8536335826497472e-84 1.4361668081035017e-82 2.7368494950442564e-80 1.9236460055759427e-79 1.1697703406782212e-80 1.8536335826497472e-84 1.58311200377476e-81 3.723122576637214e-83 1.6147659819485312e-108 2.6691902155412764e-109 3.418459610610525e-108 3.418459610610525e-108 6.548198956459443e-108 3.418459610610525e-108 3.418459610610525e-108 2.957547061518155e-110 5.152749291970188e-112 9.340504159760233e-110 2.1966760299623706e-111 2.1966760299623706e-111 3.418459610610525e-108 0.0 0.0 0.0 0.0 0.0 0.0 0.0 0.0 0.0 0.0 0.0 0.0 0.0 0.0 0.0 0.0 0.0 0.0 0.0 0.0 0.0 0.0 0.0 0.0 0.0 0.0 0.0 0.0 0.0 0.0 0.0 0.0 0.0 0.0 0.0 0.0 0.0 0.0 0.0 0.0 0.0 0.0 0.0 0.0 0.0 0.0 0.0 0.0 0.0 0.0 0.0 0.0 0.0 0.0 0.0 0.0 0.0 0.0 0.0 0.0 0.0 0.0 0.0 0.0 0.0 0.0 0.0 0.0 0.0 0.0 0.0 0.0 0.0 0.0 0.0 0.0 0.0 0.0 0.0 0.0 0.0 0.0 0.0 0.0 0.0 0.0 0.0 0.0 0.0 0.0 0.0 0.0 0.0 0.0 0.0 0.0 0.0 0.0 0.0 0.0 0.0 0.0 0.0 0.0 0.0 0.0 0.0 0.0 0.0 0.0 0.0 0.0 0.0 0.0 0.0 -1
0.006409333446256383 0.0030275547453758153 0.004296304690752343 0.004296304690752343 0.00027465356997214254 0.0055165644207607716 1.3887943864964021e-11 0.0030275547453758097 1.4105032856773568e-17 0.0011137751478447983 1.4105032856773568e-17 0.004296304690752343 0.00011739103691911818 1.0 2.093372485519406e-15 0.4493289641172218 0.16529888822158686 0.0007465858083766819 0.6376281516217736 2.6810038677818034e-14 0.8187307530779816 2.6810038677818034e-14 0.002357862006490241 3.1068402375434566e-13 0.6376281516217736 3.2576989934351138e-12 0.0055165644207607716 0.0030275547453758153 0.006737946999085467 1.3887943864964021e-11 0.0019304541362277093 2.093372485519391e-15 0.004296304690752343 1.8064461965456932e-16 0.0030275547453758097 1.8064461965456932e-16 0.004296304690752343 2.093372485519391e-15 0.00027465356997214254 1.314249574484021e-09 3.4070640224299034e-10 3.4070640224299034e-10 2.061153622438558e-09 1.7786433840639332e-10 5.905303998944039e-10 5.905303998944039e-10 5.905303998944039e-10 1.8990646735868975e-16 1.6875298575085319e-09 1.6875298575085319e-09 3.4070640224299034e-10 5.905303998944039e-10 3.5910190599673815e-11 1.8252224314986868e-20 5.900090541597061e-29 2.722911901998608e-20 2.343631993152914e-20 2.8625185805493937e-20 1.9287498479639178e-22 9.325223898545136e-32 2.8625185805493937e-20 1.5873123369578926e-24 1.8252224314986868e-20 8.893387906766636e-33 2.4701699473669368e-21 4.731711388784501e-21 4.731711388784501e-21 4.838813551584914e-49 1.150824054383861e-35 7.356972042199196e-37 1.150824054383861e-35 2.9833992781603548e-36 3.7782262357671333e-50 1.150824054383861e-35 3.7782262357671333e-50 1.150824054383861e-35 4.838813551584914e-49 1.7168277469694898e-35 5.607384914544366e-48 1.150824054383861e-35 1.0008189619341152e-39 2.1059469167377914e-56 1.6830643295258424e-66 5.166420632837861e-55 1.3851193699226017e-68 4.2299074554410136e-55 1.3851193699226017e-68 2.321422431146883e-55 4.9144513253029174e-55 2.321422431146883e-55 5.166420632837861e-55 1.3851193699226017e-68 4.2299074554410136e-55 1.6830643295258424e-66 6.386729656467359e-79 6.386729656467359e-79 5.497109158591894e-79 5.497109158591894e-79 4.281152917340237e-79 5.497109158591894e-79 1.8536335826497472e-84 4.281152917340237e-79 2.0859897908898145e-91 5.497109158591894e-79 2.1872791397444917e-90 1.9236460055759427e-79 5.497109158591894e-79 0.0 0.0 0.0 0.0 0.0 0.0 0.0 0.0 0.0 0.0 0.0 0.0 0.0 0.0 0.0 0.0 0.0 0.0 0.0 0.0 0.0 0.0 0.0 0.0 0.0 0.0 0.0 0.0 0.0 0.0 0.0 0.0 0.0 0.0 0.0 0.0 0.0 0.0 0.0 0.0 0.0 0.0 0.0 0.0 0.0 0.0 0.0 0.0 0.0 0.0 0.0 0.0 0.0 0.0 0.0 0.0 0.0 0.0 0.0 0.0 0.0 0.0 0.0 0.0 0.0 0.0 0.0 0.0 0.0 0.0 0.0 0.0 0.0 0.0 0.0 0.0 0.0 0.0 0.0 0.0 0.0 0.0 0.0 0.0 0.0 0.0 0.0 0.0 0.0 0.0 0.0 0.0 0.0 0.0 0.0 0.0 0.0 0.0 0.0 0.0 0.0 0.0 0.0 0.0 0.0 0.0 0.0 0.0 0.0 0.0 0.0 0.0 0.0 0.0 0.0 -1
